sequence: PS, l=628.3185
idx  kind          name                    l          dl       spos       upos    uds
001  marker        $start                  0.000       0       0.000      0.000   0.000
002  sextupole     PR.XSE01.A              0.200       0       0.320      0.420   0.100
003  sextupole     PR.XSE01.B              0.200       0       0.575      0.675   0.100
004  multipole     PR.MP01.F               0.000       0       3.000      3.000   0.000
005  sbend         PR.BHT01.F              2.198       0       3.000      4.099   1.099
006  multipole     PR.MP01.J               0.000       0       5.198      5.198   0.000
007  hkicker       PR.DHZ01.B              0.000       0       5.198      5.198   0.000
008  sbend         PR.BHT01.D              2.206       0       5.198      6.300   1.103
009  multipole     PR.MP01.D               0.000       0       7.403      7.403   0.000
010  monitor       PR.BPTF02               0.000       0       7.497      7.497   0.000
011  rfcavity      PA.CWB02                0.880       0       7.738      8.178   0.440
012  vkicker       PR.DVT02                0.000       0       8.950      8.950   0.000
013  multipole     PR.MP02.D               0.000       0       9.003      9.003   0.000
014  sbend         PR.BHU02.D              2.206       0       9.003     10.106   1.103
015  multipole     PR.MP02.J               0.000       0      11.209     11.209   0.000
016  hkicker       PR.DHZ03.A              0.000       0      11.209     11.209   0.000
017  sbend         PR.BHU02.F              2.198       0      11.209     12.308   1.099
018  multipole     PR.MP02.F               0.000       0      13.406     13.406   0.000
019  monitor       PR.BPM03                0.000       0      13.500     13.500   0.000
020  monitor       PR.BCW03.A              0.000       0      13.920     13.920   0.000
021  monitor       PR.BCW03.B              0.000       0      14.443     14.443   0.000
022  quadrupole    PR.QSK03                0.120       0      14.833     14.893   0.060
023  multipole     PR.MP03.F               0.000       0      15.006     15.006   0.000
024  sbend         PR.BHT03.F              2.198       0      15.006     16.105   1.099
025  multipole     PR.MP03.J               0.000       0      17.204     17.204   0.000
026  hkicker       PR.DHZ03.B              0.000       0      17.204     17.204   0.000
027  sbend         PR.BHT03.D              2.206       0      17.204     18.307   1.103
028  multipole     PR.MP03.D               0.000       0      19.410     19.410   0.000
029  hkicker       PE.KFA04                0.888       0      19.660     20.104   0.444
030  quadrupole    PR.QSK04                0.120       0      20.836     20.896   0.060
031  vkicker       PR.DVT04                0.000       0      20.956     20.956   0.000
032  multipole     PR.MP04.D               0.000       0      21.010     21.010   0.000
033  sbend         PR.BHR04.D              2.206       0      21.010     22.112   1.103
034  multipole     PR.MP04.J               0.000       0      23.215     23.215   0.000
035  hkicker       PR.DHZ05.A              0.000       0      23.215     23.215   0.000
036  sbend         PR.BHR04.F              2.198       0      23.215     24.314   1.099
037  multipole     PR.MP04.F               0.000       0      25.413     25.413   0.000
038  monitor       PR.BPM05                0.000       0      25.506     25.506   0.000
039  quadrupole    PE.QKE16.05             0.300       0      25.699     25.849   0.150
040  hkicker       PR.DHZOC05              0.300       0      26.192     26.342   0.150
041  quadrupole    PR.QFN05                0.120       0      26.839     26.899   0.060
042  multipole     PR.MP05.F               0.000       0      27.013     27.013   0.000
043  sbend         PR.BHT05.F              2.198       0      27.013     28.112   1.099
044  multipole     PR.MP05.J               0.000       0      29.210     29.210   0.000
045  hkicker       PR.DHZ05.B              0.000       0      29.210     29.210   0.000
046  sbend         PR.BHT05.D              2.206       0      29.210     30.313   1.103
047  multipole     PR.MP05.D               0.000       0      31.416     31.416   0.000
048  rfcavity      PA.C200.06.A            0.120       0      31.901     31.961   0.060
049  rfcavity      PA.C200.06.B            0.120       0      32.275     32.335   0.060
050  rfcavity      PA.C200.06.C            0.120       0      32.649     32.709   0.060
051  rfcavity      PA.C200.06.D            0.120       0      33.023     33.083   0.060
052  rfcavity      PA.C200.06.E            0.120       0      33.397     33.457   0.060
053  rfcavity      PA.C200.06.F            0.120       0      33.771     33.831   0.060
054  quadrupole    PR.QDW06                0.120       0      34.243     34.303   0.060
055  multipole     PR.MP06.D               0.000       0      34.416     34.416   0.000
056  sbend         PR.BHR06.D              2.206       0      34.416     35.519   1.103
057  multipole     PR.MP06.J               0.000       0      36.622     36.622   0.000
058  hkicker       PR.DHZ07.A              0.000       0      36.622     36.622   0.000
059  sbend         PR.BHR06.F              2.198       0      36.622     37.720   1.099
060  multipole     PR.MP06.F               0.000       0      38.819     38.819   0.000
061  monitor       PR.BPM07                0.000       0      38.913     38.913   0.000
062  sextupole     PR.XSE07                0.660       0      39.105     39.435   0.330
063  quadrupole    PR.QTRTB07              0.250       0      39.809     39.934   0.125
064  quadrupole    PR.QSK07                0.120       0      40.245     40.305   0.060
065  multipole     PR.MP07.F               0.000       0      40.419     40.419   0.000
066  sbend         PR.BHS07.F              2.198       0      40.419     41.518   1.099
067  multipole     PR.MP07.J               0.000       0      42.617     42.617   0.000
068  hkicker       PR.DHZ07.B              0.000       0      42.617     42.617   0.000
069  sbend         PR.BHS07.D              2.206       0      42.617     43.719   1.103
070  multipole     PR.MP07.D               0.000       0      44.822     44.822   0.000
071  rfcavity      PA.C80.08               1.050       0      45.072     45.597   0.525
072  quadrupole    PR.QSK08                0.120       0      46.249     46.309   0.060
073  vkicker       PR.DVT08                0.000       0      46.369     46.369   0.000
074  multipole     PR.MP08.D               0.000       0      46.422     46.422   0.000
075  sbend         PR.BHR08.D              2.206       0      46.422     47.525   1.103
076  multipole     PR.MP08.J               0.000       0      48.628     48.628   0.000
077  hkicker       PR.DHZ09.A              0.000       0      48.628     48.628   0.000
078  sbend         PR.BHR08.F              2.198       0      48.628     49.727   1.099
079  multipole     PR.MP08.F               0.000       0      50.825     50.825   0.000
080  hkicker       PE.BFA09.P              0.540       0      51.135     51.405   0.270
081  quadrupole    PR.QFN09                0.120       0      52.252     52.312   0.060
082  multipole     PR.MP09.F               0.000       0      52.425     52.425   0.000
083  sbend         PR.BHT09.F              2.198       0      52.425     53.524   1.099
084  multipole     PR.MP09.J               0.000       0      54.623     54.623   0.000
085  hkicker       PR.DHZ09.B              0.000       0      54.623     54.623   0.000
086  sbend         PR.BHT09.D              2.206       0      54.623     55.726   1.103
087  multipole     PR.MP09.D               0.000       0      56.829     56.829   0.000
088  monitor       PR.BPM10                0.000       0      56.922     56.922   0.000
089  sextupole     PR.XSK10                0.150       0      57.534     57.609   0.075
090  marker        PR.VVS10                0.000       0      58.079     58.079   0.000
091  quadrupole    PR.QDN10                0.120       0      58.255     58.315   0.060
092  multipole     PR.MP10.D               0.000       0      58.429     58.429   0.000
093  sbend         PR.BHR10.D              2.206       0      58.429     59.531   1.103
094  multipole     PR.MP10.J               0.000       0      60.634     60.634   0.000
095  hkicker       PR.DHZ11.A              0.000       0      60.634     60.634   0.000
096  sbend         PR.BHR10.F              2.198       0      60.634     61.733   1.099
097  multipole     PR.MP10.F               0.000       0      62.832     62.832   0.000
098  rfcavity      PA.C10.11               2.450       0      63.082     64.307   1.225
099  multipole     PR.MP11.F               0.000       0      65.832     65.832   0.000
100  sbend         PR.BHS11.F              2.198       0      65.832     66.931   1.099
101  multipole     PR.MP11.J               0.000       0      68.029     68.029   0.000
102  hkicker       PR.DHZ11.B              0.000       0      68.029     68.029   0.000
103  sbend         PR.BHS11.D              2.206       0      68.029     69.132   1.103
104  multipole     PR.MP11.D               0.000       0      70.235     70.235   0.000
105  monitor       PR.BQS12                0.000       0      70.328     70.328   0.000
106  marker        PR.RAL12                0.000       0      70.543     70.543   0.000
107  hkicker       PE.BSW12                0.230       0      70.819     70.934   0.115
108  vkicker       PR.DVT12                0.120       0      71.130     71.190   0.060
109  multipole     PR.MP12.D               0.000       0      71.835     71.835   0.000
110  sbend         PR.BHR12.D              2.206       0      71.835     72.938   1.103
111  multipole     PR.MP12.J               0.000       0      74.041     74.041   0.000
112  hkicker       PR.DHZ13.A              0.000       0      74.041     74.041   0.000
113  sbend         PR.BHR12.F              2.198       0      74.041     75.139   1.099
114  multipole     PR.MP12.F               0.000       0      76.238     76.238   0.000
115  monitor       PR.BPM13                0.000       0      76.332     76.332   0.000
116  hkicker       PE.KFA13                0.888       0      76.488     76.932   0.444
117  multipole     PR.MP13.F               0.000       0      77.838     77.838   0.000
118  sbend         PR.BHS13.F              2.198       0      77.838     78.937   1.099
119  multipole     PR.MP13.J               0.000       0      80.036     80.036   0.000
120  hkicker       PR.DHZ13.B              0.000       0      80.036     80.036   0.000
121  sbend         PR.BHS13.D              2.206       0      80.036     81.139   1.103
122  multipole     PR.MP13.D               0.000       0      82.241     82.241   0.000
123  sextupole     PR.XSK14                0.290       0      82.720     82.865   0.145
124  hkicker       PE.BSW14                0.230       0      83.218     83.333   0.115
125  multipole     PR.MP14.D               0.000       0      83.841     83.841   0.000
126  sbend         PR.BHU14.D              2.206       0      83.841     84.944   1.103
127  multipole     PR.MP14.J               0.000       0      86.047     86.047   0.000
128  hkicker       PR.DHZ15.A              0.000       0      86.047     86.047   0.000
129  sbend         PR.BHU14.F              2.198       0      86.047     87.146   1.099
130  multipole     PR.MP14.F               0.000       0      88.245     88.245   0.000
131  monitor       PR.BPM15                0.000       0      88.334     88.334   0.000
132  marker        PE.TPS15                0.000       0      89.021     89.021   0.000
133  multipole     PR.MP15.F               0.000       0      89.845     89.845   0.000
134  sbend         PR.BHT15.F              2.198       0      89.845     90.943   1.099
135  multipole     PR.MP15.J               0.000       0      92.042     92.042   0.000
136  hkicker       PR.DHZ15.B              0.000       0      92.042     92.042   0.000
137  sbend         PR.BHT15.D              2.206       0      92.042     93.145   1.103
138  multipole     PR.MP15.D               0.000       0      94.248     94.248   0.000
139  monitor       PE.BTV16                0.000       0      94.556     94.556   0.000
140  hkicker       PE.SMH16                2.280       0      94.614     95.754   1.140
141  multipole     PR.MP16.D               0.000       0      97.248     97.248   0.000
142  sbend         PR.BHU16.D              2.206       0      97.248     98.351   1.103
143  multipole     PR.MP16.J               0.000       0      99.453     99.453   0.000
144  hkicker       PR.DHZ17.A              0.000       0      99.453     99.453   0.000
145  sbend         PR.BHU16.F              2.198       0      99.453    100.552   1.099
146  multipole     PR.MP16.F               0.000       0     101.651    101.651   0.000
147  monitor       PR.BPM17                0.000       0     102.096    102.096   0.000
148  quadrupole    PR.QFW17                0.120       0     103.078    103.138   0.060
149  multipole     PR.MP17.F               0.000       0     103.251    103.251   0.000
150  sbend         PR.BHT17.F              2.198       0     103.251    104.350   1.099
151  multipole     PR.MP17.J               0.000       0     105.449    105.449   0.000
152  hkicker       PR.DHZ17.B              0.000       0     105.449    105.449   0.000
153  sbend         PR.BHT17.D              2.206       0     105.449    106.551   1.103
154  multipole     PR.MP17.D               0.000       0     107.654    107.654   0.000
155  monitor       PR.BPP18                0.000       0     107.748    107.748   0.000
156  hkicker       PR.DHZOC18              0.230       0     107.956    108.071   0.115
157  quadrupole    PR.QDW18                0.120       0     109.081    109.141   0.060
158  multipole     PR.MP18.D               0.000       0     109.254    109.254   0.000
159  sbend         PR.BHU18.D              2.206       0     109.254    110.357   1.103
160  multipole     PR.MP18.J               0.000       0     111.460    111.460   0.000
161  hkicker       PR.DHZ19.A              0.000       0     111.460    111.460   0.000
162  sbend         PR.BHU18.F              2.198       0     111.460    112.559   1.099
163  multipole     PR.MP18.F               0.000       0     113.657    113.657   0.000
164  hkicker       PE.BSW23.19             0.230       0     114.175    114.290   0.115
165  quadrupole    PR.QTRDA19              0.190       0     114.595    114.690   0.095
166  quadrupole    PR.QSK19                0.120       0     115.083    115.143   0.060
167  multipole     PR.MP19.F               0.000       0     115.257    115.257   0.000
168  sbend         PR.BHS19.F              2.198       0     115.257    116.356   1.099
169  multipole     PR.MP19.J               0.000       0     117.455    117.455   0.000
170  hkicker       PR.DHZ19.B              0.000       0     117.455    117.455   0.000
171  sbend         PR.BHS19.D              2.206       0     117.455    118.558   1.103
172  multipole     PR.MP19.D               0.000       0     119.661    119.661   0.000
173  monitor       PR.BPM20                0.000       0     119.754    119.754   0.000
174  hkicker       PE.BSW20                0.230       0     120.011    120.126   0.115
175  marker        PR.VVS20                0.000       0     120.911    120.911   0.000
176  quadrupole    PR.QSK20                0.120       0     121.087    121.147   0.060
177  vkicker       PR.DVT20                0.000       0     121.207    121.207   0.000
178  multipole     PR.MP20.D               0.000       0     121.261    121.261   0.000
179  sbend         PR.BHR20.D              2.206       0     121.261    122.363   1.103
180  multipole     PR.MP20.J               0.000       0     123.466    123.466   0.000
181  hkicker       PR.DHZ21.A              0.000       0     123.466    123.466   0.000
182  sbend         PR.BHR20.F              2.198       0     123.466    124.565   1.099
183  multipole     PR.MP20.F               0.000       0     125.664    125.664   0.000
184  hkicker       PE.KFA21                0.888       0     127.314    127.758   0.444
185  quadrupole    PR.QFN21                0.120       0     128.490    128.550   0.060
186  multipole     PR.MP21.F               0.000       0     128.664    128.664   0.000
187  sbend         PR.BHT21.F              2.198       0     128.664    129.762   1.099
188  multipole     PR.MP21.J               0.000       0     130.861    130.861   0.000
189  hkicker       PR.DHZ21.B              0.000       0     130.861    130.861   0.000
190  sbend         PR.BHT21.D              2.206       0     130.861    131.964   1.103
191  multipole     PR.MP21.D               0.000       0     133.067    133.067   0.000
192  monitor       PR.BPR22                0.000       0     133.160    133.160   0.000
193  hkicker       PI.BSW26.22             0.270       0     133.398    133.533   0.135
194  hkicker       PE.BSW22                0.230       0     133.708    133.823   0.115
195  vkicker       PR.DVT22                0.120       0     134.100    134.160   0.060
196  quadrupole    PR.QDW22                0.120       0     134.494    134.554   0.060
197  multipole     PR.MP22.D               0.000       0     134.667    134.667   0.000
198  sbend         PR.BHR22.D              2.206       0     134.667    135.770   1.103
199  multipole     PR.MP22.J               0.000       0     136.872    136.872   0.000
200  hkicker       PR.DHZ23.A              0.000       0     136.872    136.872   0.000
201  sbend         PR.BHR22.F              2.198       0     136.872    137.971   1.099
202  multipole     PR.MP22.F               0.000       0     139.070    139.070   0.000
203  monitor       PR.BPM23                0.000       0     139.163    139.163   0.000
204  hkicker       PE.SEH23                0.800       0     139.445    139.845   0.400
205  quadrupole    PR.QSK23                0.120       0     140.496    140.556   0.060
206  multipole     PR.MP23.F               0.000       0     140.670    140.670   0.000
207  sbend         PR.BHT23.F              2.198       0     140.670    141.769   1.099
208  multipole     PR.MP23.J               0.000       0     142.868    142.868   0.000
209  hkicker       PR.DHZ23.B              0.000       0     142.868    142.868   0.000
210  sbend         PR.BHT23.D              2.206       0     142.868    143.970   1.103
211  multipole     PR.MP23.D               0.000       0     145.073    145.073   0.000
212  vkicker       PR.DVT24                0.120       0     145.828    145.888   0.060
213  quadrupole    PR.QSK24                0.120       0     146.499    146.559   0.060
214  multipole     PR.MP24.D               0.000       0     146.673    146.673   0.000
215  sbend         PR.BHU24.D              2.206       0     146.673    147.776   1.103
216  multipole     PR.MP24.J               0.000       0     148.879    148.879   0.000
217  hkicker       PR.DHZ25.A              0.000       0     148.879    148.879   0.000
218  sbend         PR.BHU24.F              2.198       0     148.879    149.978   1.099
219  multipole     PR.MP24.F               0.000       0     151.076    151.076   0.000
220  monitor       PR.BPM25                0.000       0     151.170    151.170   0.000
221  quadrupole    PE.QKE16.25             0.300       0     151.447    151.597   0.150
222  multipole     PR.MP25.F               0.000       0     152.676    152.676   0.000
223  sbend         PR.BHT25.F              2.198       0     152.676    153.775   1.099
224  multipole     PR.MP25.J               0.000       0     154.874    154.874   0.000
225  hkicker       PR.DHZ25.B              0.000       0     154.874    154.874   0.000
226  sbend         PR.BHT25.D              2.206       0     154.874    155.977   1.103
227  multipole     PR.MP25.D               0.000       0     157.080    157.080   0.000
228  hkicker       PI.SMH26                0.790       0     158.485    158.880   0.395
229  monitor       PI.BTV26                0.000       0     159.326    159.326   0.000
230  multipole     PR.MP26.D               0.000       0     160.080    160.080   0.000
231  sbend         PR.BHR26.D              2.206       0     160.080    161.182   1.103
232  multipole     PR.MP26.J               0.000       0     162.285    162.285   0.000
233  hkicker       PR.DHZ27.A              0.000       0     162.285    162.285   0.000
234  sbend         PR.BHR26.F              2.198       0     162.285    163.384   1.099
235  multipole     PR.MP26.F               0.000       0     164.483    164.483   0.000
236  monitor       PR.BPM27                0.000       0     164.576    164.576   0.000
237  quadrupole    PR.QTRDA27              0.190       0     164.863    164.958   0.095
238  hkicker       PE.BSW23.27             0.230       0     165.473    165.588   0.115
239  quadrupole    PR.QFW27                0.120       0     165.910    165.970   0.060
240  multipole     PR.MP27.F               0.000       0     166.083    166.083   0.000
241  sbend         PR.BHS27.F              2.198       0     166.083    167.182   1.099
242  multipole     PR.MP27.J               0.000       0     168.280    168.280   0.000
243  hkicker       PR.DHZ27.B              0.000       0     168.280    168.280   0.000
244  sbend         PR.BHS27.D              2.206       0     168.280    169.383   1.103
245  multipole     PR.MP27.D               0.000       0     170.486    170.486   0.000
246  hkicker       PI.KFA28                1.050       0     170.736    171.261   0.525
247  quadrupole    PR.QDW28                0.120       0     171.913    171.973   0.060
248  multipole     PR.MP28.D               0.000       0     172.086    172.086   0.000
249  sbend         PR.BHU28.D              2.206       0     172.086    173.189   1.103
250  multipole     PR.MP28.J               0.000       0     174.292    174.292   0.000
251  hkicker       PR.DHZ29.A              0.000       0     174.292    174.292   0.000
252  sbend         PR.BHU28.F              2.198       0     174.292    175.390   1.099
253  multipole     PR.MP28.F               0.000       0     176.489    176.489   0.000
254  quadrupole    PR.QSE29                0.250       0     176.990    177.115   0.125
255  quadrupole    PR.QTRDB29              0.190       0     177.475    177.570   0.095
256  quadrupole    PR.QSK29                0.120       0     177.915    177.975   0.060
257  multipole     PR.MP29.F               0.000       0     178.089    178.089   0.000
258  sbend         PR.BHT29.F              2.198       0     178.089    179.188   1.099
259  multipole     PR.MP29.J               0.000       0     180.287    180.287   0.000
260  hkicker       PR.DHZ29.B              0.000       0     180.287    180.287   0.000
261  sbend         PR.BHT29.D              2.206       0     180.287    181.390   1.103
262  multipole     PR.MP29.D               0.000       0     182.492    182.492   0.000
263  monitor       PR.BPM30                0.000       0     182.586    182.586   0.000
264  vkicker       PR.DVT30                0.120       0     182.979    183.039   0.060
265  hkicker       PI.BSW26.30             0.270       0     183.308    183.443   0.135
266  marker        PR.VVS30                0.000       0     183.702    183.702   0.000
267  quadrupole    PR.QSK30                0.120       0     183.918    183.978   0.060
268  multipole     PR.MP30.D               0.000       0     184.092    184.092   0.000
269  sbend         PR.BHR30.D              2.206       0     184.092    185.195   1.103
270  multipole     PR.MP30.J               0.000       0     186.298    186.298   0.000
271  hkicker       PR.DHZ31.A              0.000       0     186.298    186.298   0.000
272  sbend         PR.BHR30.F              2.198       0     186.298    187.397   1.099
273  multipole     PR.MP30.F               0.000       0     188.496    188.496   0.000
274  quadrupole    PR.QFW31                0.120       0     191.322    191.382   0.060
275  multipole     PR.MP31.F               0.000       0     191.496    191.496   0.000
276  sbend         PR.BHT31.F              2.198       0     191.496    192.594   1.099
277  multipole     PR.MP31.J               0.000       0     193.693    193.693   0.000
278  hkicker       PR.DHZ31.B              0.000       0     193.693    193.693   0.000
279  sbend         PR.BHT31.D              2.206       0     193.693    194.796   1.103
280  multipole     PR.MP31.D               0.000       0     195.899    195.899   0.000
281  quadrupole    PR.QDW32                0.120       0     197.325    197.385   0.060
282  multipole     PR.MP32.D               0.000       0     197.499    197.499   0.000
283  sbend         PR.BHR32.D              2.206       0     197.499    198.602   1.103
284  multipole     PR.MP32.J               0.000       0     199.704    199.704   0.000
285  hkicker       PR.DHZ33.A              0.000       0     199.704    199.704   0.000
286  sbend         PR.BHR32.F              2.198       0     199.704    200.803   1.099
287  multipole     PR.MP32.F               0.000       0     201.902    201.902   0.000
288  monitor       PR.BPM33                0.000       0     201.995    201.995   0.000
289  quadrupole    PI.QLB33                0.300       0     202.272    202.422   0.150
290  quadrupole    PR.QSK33                0.120       0     203.328    203.388   0.060
291  multipole     PR.MP33.F               0.000       0     203.502    203.502   0.000
292  sbend         PR.BHS33.F              2.198       0     203.502    204.601   1.099
293  multipole     PR.MP33.J               0.000       0     205.700    205.700   0.000
294  hkicker       PR.DHZ33.B              0.000       0     205.700    205.700   0.000
295  sbend         PR.BHS33.D              2.206       0     205.700    206.802   1.103
296  multipole     PR.MP33.D               0.000       0     207.905    207.905   0.000
297  monitor       PR.BCT34                0.000       0     208.680    208.680   0.000
298  quadrupole    PR.QSK34                0.120       0     209.332    209.392   0.060
299  vkicker       PR.DVT34                0.000       0     209.452    209.452   0.000
300  multipole     PR.MP34.D               0.000       0     209.505    209.505   0.000
301  sbend         PR.BHR34.D              2.206       0     209.505    210.608   1.103
302  multipole     PR.MP34.J               0.000       0     211.711    211.711   0.000
303  hkicker       PR.DHZ35.A              0.000       0     211.711    211.711   0.000
304  sbend         PR.BHR34.F              2.198       0     211.711    212.809   1.099
305  multipole     PR.MP34.F               0.000       0     213.908    213.908   0.000
306  monitor       PR.BPM35                0.000       0     214.002    214.002   0.000
307  quadrupole    PR.QFN35                0.120       0     215.335    215.395   0.060
308  multipole     PR.MP35.F               0.000       0     215.508    215.508   0.000
309  sbend         PR.BHT35.F              2.198       0     215.508    216.607   1.099
310  multipole     PR.MP35.J               0.000       0     217.706    217.706   0.000
311  hkicker       PR.DHZ35.B              0.000       0     217.706    217.706   0.000
312  sbend         PR.BHT35.D              2.206       0     217.706    218.809   1.103
313  multipole     PR.MP35.D               0.000       0     219.911    219.911   0.000
314  monitor       PR.BPR36                0.000       0     220.005    220.005   0.000
315  rfcavity      PA.C10.36               2.450       0     220.161    221.386   1.225
316  quadrupole    PR.QDN36                0.120       0     222.738    222.798   0.060
317  multipole     PR.MP36.D               0.000       0     222.911    222.911   0.000
318  sbend         PR.BHR36.D              2.206       0     222.911    224.014   1.103
319  multipole     PR.MP36.J               0.000       0     225.117    225.117   0.000
320  hkicker       PR.DHZ37.A              0.000       0     225.117    225.117   0.000
321  sbend         PR.BHR36.F              2.198       0     225.117    226.216   1.099
322  multipole     PR.MP36.F               0.000       0     227.315    227.315   0.000
323  monitor       PR.BPM37                0.000       0     227.408    227.408   0.000
324  quadrupole    PR.QTRDB37              0.190       0     227.660    227.755   0.095
325  quadrupole    PR.QSK37                0.120       0     228.741    228.801   0.060
326  multipole     PR.MP37.F               0.000       0     228.915    228.915   0.000
327  sbend         PR.BHT37.F              2.198       0     228.915    230.013   1.099
328  multipole     PR.MP37.J               0.000       0     231.112    231.112   0.000
329  hkicker       PR.DHZ37.B              0.000       0     231.112    231.112   0.000
330  sbend         PR.BHT37.D              2.206       0     231.112    232.215   1.103
331  multipole     PR.MP37.D               0.000       0     233.318    233.318   0.000
332  monitor       PR.BPP38                0.000       0     233.411    233.411   0.000
333  monitor       PR.BCT38                0.000       0     234.093    234.093   0.000
334  quadrupole    PR.QSK38                0.120       0     234.744    234.804   0.060
335  vkicker       PR.DVT38                0.000       0     234.864    234.864   0.000
336  multipole     PR.MP38.D               0.000       0     234.918    234.918   0.000
337  sbend         PR.BHR38.D              2.206       0     234.918    236.021   1.103
338  multipole     PR.MP38.J               0.000       0     237.123    237.123   0.000
339  hkicker       PR.DHZ39.A              0.000       0     237.123    237.123   0.000
340  sbend         PR.BHR38.F              2.198       0     237.123    238.222   1.099
341  multipole     PR.MP38.F               0.000       0     239.321    239.321   0.000
342  sextupole     PR.XNO39.A              0.200       0     239.619    239.719   0.100
343  octupole      PR.ONO39                0.500       0     239.846    240.096   0.250
344  sextupole     PR.XNO39.B              0.200       0     240.372    240.472   0.100
345  quadrupole    PR.QFN39                0.120       0     240.747    240.807   0.060
346  multipole     PR.MP39.F               0.000       0     240.921    240.921   0.000
347  sbend         PR.BHT39.F              2.198       0     240.921    242.020   1.099
348  multipole     PR.MP39.J               0.000       0     243.119    243.119   0.000
349  hkicker       PR.DHZ39.B              0.000       0     243.119    243.119   0.000
350  sbend         PR.BHT39.D              2.206       0     243.119    244.221   1.103
351  multipole     PR.MP39.D               0.000       0     245.324    245.324   0.000
352  monitor       PR.BPM40                0.000       0     245.418    245.418   0.000
353  octupole      PR.ODN40                0.220       0     245.619    245.729   0.110
354  hkicker       PI.BSW40                0.560       0     245.951    246.231   0.280
355  quadrupole    PR.QDN40                0.120       0     246.751    246.811   0.060
356  multipole     PR.MP40.D               0.000       0     246.924    246.924   0.000
357  sbend         PR.BHU40.D              2.206       0     246.924    248.027   1.103
358  multipole     PR.MP40.J               0.000       0     249.130    249.130   0.000
359  hkicker       PR.DHZ41.A              0.000       0     249.130    249.130   0.000
360  sbend         PR.BHU40.F              2.198       0     249.130    250.229   1.099
361  multipole     PR.MP40.F               0.000       0     251.327    251.327   0.000
362  marker        PR.VVS41                0.000       0     251.627    251.627   0.000
363  quadrupole    PR.QTRTA41              0.230       0     252.694    252.809   0.115
364  hkicker       PI.BSW41                0.560       0     253.094    253.374   0.280
365  quadrupole    PR.QSK41                0.120       0     254.153    254.213   0.060
366  multipole     PR.MP41.F               0.000       0     254.327    254.327   0.000
367  sbend         PR.BHT41.F              2.198       0     254.327    255.426   1.099
368  multipole     PR.MP41.J               0.000       0     256.525    256.525   0.000
369  hkicker       PR.DHZ41.B              0.000       0     256.525    256.525   0.000
370  sbend         PR.BHT41.D              2.206       0     256.525    257.628   1.103
371  multipole     PR.MP41.D               0.000       0     258.731    258.731   0.000
372  monitor       PI.BTV42                0.000       0     258.743    258.743   0.000
373  hkicker       PI.BSW42                0.334       0     259.046    259.213   0.167
374  hkicker       PI.SMH42                0.000       0     259.508    259.508   0.000
375  marker        PI.SMH42.ENDMARKER      0.000       0     260.031    260.031   0.000
376  monitor       PI.BSGF42               0.000       0     260.208    260.208   0.000
377  multipole     PR.MP42.D               0.000       0     260.331    260.331   0.000
378  sbend         PR.BHR42.D              2.206       0     260.331    261.433   1.103
379  multipole     PR.MP42.J               0.000       0     262.536    262.536   0.000
380  hkicker       PR.DHZ43.A              0.000       0     262.536    262.536   0.000
381  sbend         PR.BHR42.F              2.198       0     262.536    263.635   1.099
382  multipole     PR.MP42.F               0.000       0     264.734    264.734   0.000
383  monitor       PR.BPM43                0.000       0     264.827    264.827   0.000
384  hkicker       PI.BSW43                0.560       0     265.097    265.377   0.280
385  quadrupole    PR.QSK43                0.120       0     266.160    266.220   0.060
386  multipole     PR.MP43.F               0.000       0     266.334    266.334   0.000
387  sbend         PR.BHT43.F              2.198       0     266.334    267.433   1.099
388  multipole     PR.MP43.J               0.000       0     268.531    268.531   0.000
389  hkicker       PR.DHZ43.B              0.000       0     268.531    268.531   0.000
390  sbend         PR.BHT43.D              2.206       0     268.531    269.634   1.103
391  multipole     PR.MP43.D               0.000       0     270.737    270.737   0.000
392  hkicker       PI.BSW44                0.560       0     271.365    271.645   0.280
393  quadrupole    PR.QSK44                0.120       0     272.164    272.224   0.060
394  vkicker       PR.DVT44                0.000       0     272.284    272.284   0.000
395  multipole     PR.MP44.D               0.000       0     272.337    272.337   0.000
396  sbend         PR.BHR44.D              2.206       0     272.337    273.440   1.103
397  multipole     PR.MP44.J               0.000       0     274.543    274.543   0.000
398  hkicker       PR.DHZ45.A              0.000       0     274.543    274.543   0.000
399  sbend         PR.BHR44.F              2.198       0     274.543    275.641   1.099
400  multipole     PR.MP44.F               0.000       0     276.740    276.740   0.000
401  monitor       PR.BPM45                0.000       0     276.834    276.834   0.000
402  hkicker       PI.KFA45                1.050       0     276.990    277.515   0.525
403  quadrupole    PR.QFN45                0.120       0     278.166    278.226   0.060
404  multipole     PR.MP45.F               0.000       0     278.340    278.340   0.000
405  sbend         PR.BHT45.F              2.198       0     278.340    279.439   1.099
406  multipole     PR.MP45.J               0.000       0     280.538    280.538   0.000
407  hkicker       PR.DHZ45.B              0.000       0     280.538    280.538   0.000
408  sbend         PR.BHT45.D              2.206       0     280.538    281.641   1.103
409  multipole     PR.MP45.D               0.000       0     282.743    282.743   0.000
410  rfcavity      PA.C10.46               2.450       0     282.993    284.218   1.225
411  quadrupole    PR.QDN46                0.120       0     285.570    285.630   0.060
412  multipole     PR.MP46.D               0.000       0     285.743    285.743   0.000
413  sbend         PR.BHR46.D              2.206       0     285.743    286.846   1.103
414  multipole     PR.MP46.J               0.000       0     287.949    287.949   0.000
415  hkicker       PR.DHZ47.A              0.000       0     287.949    287.949   0.000
416  sbend         PR.BHR46.F              2.198       0     287.949    289.048   1.099
417  multipole     PR.MP46.F               0.000       0     290.147    290.147   0.000
418  monitor       PR.BPM47                0.000       0     290.240    290.240   0.000
419  marker        PR.TDI47                0.000       0     290.834    290.834   0.000
420  quadrupole    PR.QSK47                0.120       0     291.572    291.632   0.060
421  multipole     PR.MP47.F               0.000       0     291.747    291.747   0.000
422  sbend         PR.BHS47.F              2.198       0     291.747    292.845   1.099
423  multipole     PR.MP47.J               0.000       0     293.944    293.944   0.000
424  hkicker       PR.DHZ47.B              0.000       0     293.944    293.944   0.000
425  sbend         PR.BHS47.D              2.206       0     293.944    295.047   1.103
426  multipole     PR.MP47.D               0.000       0     296.150    296.150   0.000
427  monitor       PI.BSG48                0.000       0     296.243    296.243   0.000
428  marker        PR.TDI48                0.000       0     296.837    296.837   0.000
429  quadrupole    PR.QSK48                0.120       0     297.575    297.635   0.060
430  multipole     PR.MP48.D               0.000       0     297.750    297.750   0.000
431  sbend         PR.BHR48.D              2.206       0     297.750    298.852   1.103
432  multipole     PR.MP48.J               0.000       0     299.955    299.955   0.000
433  hkicker       PR.DHZ49.A              0.000       0     299.955    299.955   0.000
434  sbend         PR.BHR48.F              2.198       0     299.955    301.054   1.099
435  multipole     PR.MP48.F               0.000       0     302.153    302.153   0.000
436  quadrupole    PI.QLB49                0.300       0     302.523    302.673   0.150
437  quadrupole    PR.QTRTA49              0.250       0     303.120    303.245   0.125
438  quadrupole    PR.QFN49                0.120       0     303.579    303.639   0.060
439  multipole     PR.MP49.F               0.000       0     303.753    303.753   0.000
440  sbend         PR.BHT49.F              2.198       0     303.753    304.852   1.099
441  multipole     PR.MP49.J               0.000       0     305.950    305.950   0.000
442  hkicker       PR.DHZ49.B              0.000       0     305.950    305.950   0.000
443  sbend         PR.BHT49.D              2.206       0     305.950    307.053   1.103
444  multipole     PR.MP49.D               0.000       0     308.156    308.156   0.000
445  monitor       PR.BPM50                0.000       0     308.249    308.249   0.000
446  octupole      PR.ODN50                0.220       0     309.019    309.129   0.110
447  marker        PR.VVS50                0.000       0     309.458    309.458   0.000
448  quadrupole    PR.QDN50                0.120       0     309.582    309.642   0.060
449  multipole     PR.MP50.D               0.000       0     309.756    309.756   0.000
450  sbend         PR.BHR50.D              2.206       0     309.756    310.859   1.103
451  multipole     PR.MP50.J               0.000       0     311.962    311.962   0.000
452  hkicker       PR.DHZ51.A              0.000       0     311.962    311.962   0.000
453  sbend         PR.BHR50.F              2.198       0     311.962    313.060   1.099
454  multipole     PR.MP50.F               0.000       0     314.159    314.159   0.000
455  monitor       PR.BPR51                0.000       0     314.253    314.253   0.000
456  rfcavity      PA.C10.51               2.450       0     314.409    315.634   1.225
457  multipole     PR.MP51.F               0.000       0     317.159    317.159   0.000
458  sbend         PR.BHT51.F              2.198       0     317.159    318.258   1.099
459  multipole     PR.MP51.J               0.000       0     319.357    319.357   0.000
460  hkicker       PR.DHZ51.B              0.000       0     319.357    319.357   0.000
461  sbend         PR.BHT51.D              2.206       0     319.357    320.460   1.103
462  multipole     PR.MP51.D               0.000       0     321.562    321.562   0.000
463  monitor       PI.BSG52                0.000       0     321.656    321.656   0.000
464  octupole      PR.ODN52.A              0.220       0     321.968    322.078   0.110
465  sextupole     PR.XSK52                0.150       0     322.237    322.312   0.075
466  octupole      PR.ODN52.B              0.220       0     322.448    322.558   0.110
467  quadrupole    PR.QSK52                0.120       0     322.988    323.048   0.060
468  multipole     PR.MP52.D               0.000       0     323.162    323.162   0.000
469  sbend         PR.BHR52.D              2.206       0     323.162    324.265   1.103
470  multipole     PR.MP52.J               0.000       0     325.368    325.368   0.000
471  hkicker       PR.DHZ53.A              0.000       0     325.368    325.368   0.000
472  sbend         PR.BHR52.F              2.198       0     325.368    326.467   1.099
473  multipole     PR.MP52.F               0.000       0     327.566    327.566   0.000
474  monitor       PR.BPM53                0.000       0     327.659    327.659   0.000
475  hkicker       PE.BSW57.53             0.270       0     328.264    328.399   0.135
476  quadrupole    PR.QSK53                0.120       0     328.992    329.052   0.060
477  multipole     PR.MP53.F               0.000       0     329.166    329.166   0.000
478  sbend         PR.BHS53.F              2.198       0     329.166    330.264   1.099
479  multipole     PR.MP53.J               0.000       0     331.363    331.363   0.000
480  hkicker       PR.DHZ53.B              0.000       0     331.363    331.363   0.000
481  sbend         PR.BHS53.D              2.206       0     331.363    332.466   1.103
482  multipole     PR.MP53.D               0.000       0     333.569    333.569   0.000
483  monitor       PI.BSG54                0.000       0     333.662    333.662   0.000
484  monitor       PR.BPM54                0.000       0     333.926    333.926   0.000
485  monitor       PR.BWSH54               0.000       0     334.522    334.522   0.000
486  quadrupole    PR.QSK54                0.120       0     334.995    335.055   0.060
487  vkicker       PR.DVT54                0.000       0     335.115    335.115   0.000
488  multipole     PR.MP54.D               0.000       0     335.169    335.169   0.000
489  sbend         PR.BHR54.D              2.206       0     335.169    336.272   1.103
490  multipole     PR.MP54.J               0.000       0     337.374    337.374   0.000
491  hkicker       PR.DHZ55.A              0.000       0     337.374    337.374   0.000
492  sbend         PR.BHR54.F              2.198       0     337.374    338.473   1.099
493  multipole     PR.MP54.F               0.000       0     339.572    339.572   0.000
494  monitor       PR.BPM55                0.000       0     339.665    339.665   0.000
495  sextupole     PR.XNO55.A              0.200       0     339.870    339.970   0.100
496  octupole      PR.ONO55                0.500       0     340.097    340.347   0.250
497  sextupole     PR.XNO55.B              0.200       0     340.623    340.723   0.100
498  quadrupole    PR.QFN55                0.120       0     340.998    341.058   0.060
499  multipole     PR.MP55.F               0.000       0     341.172    341.172   0.000
500  sbend         PR.BHT55.F              2.198       0     341.172    342.271   1.099
501  multipole     PR.MP55.J               0.000       0     343.370    343.370   0.000
502  hkicker       PR.DHZ55.B              0.000       0     343.370    343.370   0.000
503  sbend         PR.BHT55.D              2.206       0     343.370    344.472   1.103
504  multipole     PR.MP55.D               0.000       0     345.575    345.575   0.000
505  rfcavity      PA.C10.56               2.450       0     345.825    347.050   1.225
506  quadrupole    PR.QDW56                0.120       0     348.402    348.462   0.060
507  multipole     PR.MP56.D               0.000       0     348.575    348.575   0.000
508  sbend         PR.BHU56.D              2.206       0     348.575    349.678   1.103
509  multipole     PR.MP56.J               0.000       0     350.781    350.781   0.000
510  hkicker       PR.DHZ57.A              0.000       0     350.781    350.781   0.000
511  sbend         PR.BHU56.F              2.198       0     350.781    351.880   1.099
512  multipole     PR.MP56.F               0.000       0     352.978    352.978   0.000
513  monitor       PR.BPM57                0.000       0     353.072    353.072   0.000
514  monitor       PE.BTV57                0.000       0     353.287    353.287   0.000
515  hkicker       PE.SMH57                0.830       0     353.368    353.783   0.415
516  quadrupole    PR.QSK57                0.120       0     354.404    354.464   0.060
517  multipole     PR.MP57.F               0.000       0     354.578    354.578   0.000
518  sbend         PR.BHT57.F              2.198       0     354.578    355.677   1.099
519  multipole     PR.MP57.J               0.000       0     356.776    356.776   0.000
520  hkicker       PR.DHZ57.B              0.000       0     356.776    356.776   0.000
521  sbend         PR.BHT57.D              2.206       0     356.776    357.879   1.103
522  multipole     PR.MP57.D               0.000       0     358.982    358.982   0.000
523  sextupole     PR.XSK58                0.290       0     359.592    359.737   0.145
524  quadrupole    PR.QSK58                0.120       0     360.407    360.467   0.060
525  multipole     PR.MP58.D               0.000       0     360.582    360.582   0.000
526  sbend         PR.BHU58.D              2.206       0     360.582    361.684   1.103
527  multipole     PR.MP58.J               0.000       0     362.787    362.787   0.000
528  hkicker       PR.DHZ59.A              0.000       0     362.787    362.787   0.000
529  sbend         PR.BHU58.F              2.198       0     362.787    363.886   1.099
530  multipole     PR.MP58.F               0.000       0     364.985    364.985   0.000
531  hkicker       PE.BSW57.59             0.230       0     365.315    365.430   0.115
532  quadrupole    PR.QFW59                0.120       0     366.411    366.471   0.060
533  multipole     PR.MP59.F               0.000       0     366.585    366.585   0.000
534  sbend         PR.BHT59.F              2.198       0     366.585    367.684   1.099
535  multipole     PR.MP59.J               0.000       0     368.782    368.782   0.000
536  hkicker       PR.DHZ59.B              0.000       0     368.782    368.782   0.000
537  sbend         PR.BHT59.D              2.206       0     368.782    369.885   1.103
538  multipole     PR.MP59.D               0.000       0     370.988    370.988   0.000
539  monitor       PR.BPM60                0.000       0     371.081    371.081   0.000
540  hkicker       PR.DHZOC60              0.270       0     371.287    371.422   0.135
541  sextupole     PR.XNO60                0.200       0     371.738    371.838   0.100
542  marker        PR.VVS60                0.000       0     372.197    372.197   0.000
543  quadrupole    PR.QDW60                0.120       0     372.415    372.475   0.060
544  multipole     PR.MP60.D               0.000       0     372.588    372.588   0.000
545  sbend         PR.BHU60.D              2.206       0     372.588    373.691   1.103
546  multipole     PR.MP60.J               0.000       0     374.794    374.794   0.000
547  hkicker       PR.DHZ61.A              0.000       0     374.794    374.794   0.000
548  sbend         PR.BHU60.F              2.198       0     374.794    375.892   1.099
549  multipole     PR.MP60.F               0.000       0     376.991    376.991   0.000
550  quadrupole    PR.QTRDB61              0.190       0     377.328    377.423   0.095
551  hkicker       PE.SMH61                0.568       0     377.702    377.986   0.284
552  hkicker       PE.BSW57.61             0.200       0     378.746    378.846   0.100
553  multipole     PR.MP61.F               0.000       0     379.991    379.991   0.000
554  sbend         PR.BHT61.F              2.198       0     379.991    381.090   1.099
555  multipole     PR.MP61.J               0.000       0     382.189    382.189   0.000
556  hkicker       PR.DHZ61.B              0.000       0     382.189    382.189   0.000
557  sbend         PR.BHT61.D              2.206       0     382.189    383.291   1.103
558  multipole     PR.MP61.D               0.000       0     384.394    384.394   0.000
559  multipole     PR.MP62.D               0.000       0     385.994    385.994   0.000
560  sbend         PR.BHU62.D              2.206       0     385.994    387.097   1.103
561  multipole     PR.MP62.J               0.000       0     388.200    388.200   0.000
562  hkicker       PR.DHZ63.A              0.000       0     388.200    388.200   0.000
563  sbend         PR.BHU62.F              2.198       0     388.200    389.299   1.099
564  multipole     PR.MP62.F               0.000       0     390.397    390.397   0.000
565  monitor       PR.BPM63                0.000       0     390.766    390.766   0.000
566  multipole     PR.MP63.F               0.000       0     391.997    391.997   0.000
567  sbend         PR.BHT63.F              2.198       0     391.997    393.096   1.099
568  multipole     PR.MP63.J               0.000       0     394.195    394.195   0.000
569  hkicker       PR.DHZ63.B              0.000       0     394.195    394.195   0.000
570  sbend         PR.BHT63.D              2.206       0     394.195    395.298   1.103
571  multipole     PR.MP63.D               0.000       0     396.401    396.401   0.000
572  monitor       PR.BPM64                0.000       0     396.759    396.759   0.000
573  monitor       PR.BWSV64               0.000       0     397.354    397.354   0.000
574  vkicker       PR.DVT64                0.000       0     397.947    397.947   0.000
575  multipole     PR.MP64.D               0.000       0     398.001    398.001   0.000
576  sbend         PR.BHU64.D              2.206       0     398.001    399.103   1.103
577  multipole     PR.MP64.J               0.000       0     400.206    400.206   0.000
578  hkicker       PR.DHZ65.A              0.000       0     400.206    400.206   0.000
579  sbend         PR.BHU64.F              2.198       0     400.206    401.305   1.099
580  multipole     PR.MP64.F               0.000       0     402.404    402.404   0.000
581  monitor       PR.BPM65                0.000       0     402.497    402.497   0.000
582  monitor       PR.BWSH65               0.000       0     403.357    403.357   0.000
583  multipole     PR.MP65.F               0.000       0     404.004    404.004   0.000
584  sbend         PR.BHT65.F              2.198       0     404.004    405.103   1.099
585  multipole     PR.MP65.J               0.000       0     406.201    406.201   0.000
586  hkicker       PR.DHZ65.B              0.000       0     406.201    406.201   0.000
587  sbend         PR.BHT65.D              2.206       0     406.201    407.304   1.103
588  multipole     PR.MP65.D               0.000       0     408.407    408.407   0.000
589  rfcavity      PA.C10.66               2.450       0     408.657    409.882   1.225
590  multipole     PR.MP66.D               0.000       0     411.407    411.407   0.000
591  sbend         PR.BHR66.D              2.206       0     411.407    412.510   1.103
592  multipole     PR.MP66.J               0.000       0     413.613    413.613   0.000
593  hkicker       PR.DHZ67.A              0.000       0     413.613    413.613   0.000
594  sbend         PR.BHR66.F              2.198       0     413.613    414.711   1.099
595  multipole     PR.MP66.F               0.000       0     415.810    415.810   0.000
596  monitor       PR.BPM67                0.000       0     415.904    415.904   0.000
597  hkicker       PE.BSW57.67             0.270       0     416.117    416.252   0.135
598  quadrupole    PR.QFN67                0.120       0     417.237    417.297   0.060
599  multipole     PR.MP67.F               0.000       0     417.410    417.410   0.000
600  sbend         PR.BHS67.F              2.198       0     417.410    418.509   1.099
601  multipole     PR.MP67.J               0.000       0     419.608    419.608   0.000
602  hkicker       PR.DHZ67.B              0.000       0     419.608    419.608   0.000
603  sbend         PR.BHS67.D              2.206       0     419.608    420.711   1.103
604  multipole     PR.MP67.D               0.000       0     421.813    421.813   0.000
605  monitor       PR.BPP68                0.000       0     421.907    421.907   0.000
606  monitor       PR.BPM68                0.000       0     422.170    422.170   0.000
607  monitor       PR.BWSH68               0.000       0     422.767    422.767   0.000
608  quadrupole    PR.QDN68                0.120       0     423.240    423.300   0.060
609  multipole     PR.MP68.D               0.000       0     423.413    423.413   0.000
610  sbend         PR.BHU68.D              2.206       0     423.413    424.516   1.103
611  multipole     PR.MP68.J               0.000       0     425.619    425.619   0.000
612  hkicker       PR.DHZ69.A              0.000       0     425.619    425.619   0.000
613  sbend         PR.BHU68.F              2.198       0     425.619    426.718   1.099
614  multipole     PR.MP68.F               0.000       0     427.817    427.817   0.000
615  monitor       PR.BQS69                0.000       0     427.910    427.910   0.000
616  quadrupole    PR.QTRDB69              0.190       0     428.882    428.977   0.095
617  quadrupole    PR.QSK69                0.120       0     429.243    429.303   0.060
618  multipole     PR.MP69.F               0.000       0     429.417    429.417   0.000
619  sbend         PR.BHT69.F              2.198       0     429.417    430.515   1.099
620  multipole     PR.MP69.J               0.000       0     431.614    431.614   0.000
621  hkicker       PR.DHZ69.B              0.000       0     431.614    431.614   0.000
622  sbend         PR.BHT69.D              2.206       0     431.614    432.717   1.103
623  multipole     PR.MP69.D               0.000       0     433.820    433.820   0.000
624  monitor       PR.BPM70                0.000       0     433.913    433.913   0.000
625  octupole      PR.ODN70.A              0.220       0     434.340    434.450   0.110
626  octupole      PR.ODN70.B              0.220       0     434.688    434.798   0.110
627  marker        PR.VVS70                0.000       0     435.164    435.164   0.000
628  quadrupole    PR.QSK70                0.120       0     435.246    435.306   0.060
629  vkicker       PR.DVT70                0.000       0     435.366    435.366   0.000
630  multipole     PR.MP70.D               0.000       0     435.420    435.420   0.000
631  sbend         PR.BHR70.D              2.206       0     435.420    436.523   1.103
632  multipole     PR.MP70.J               0.000       0     437.625    437.625   0.000
633  hkicker       PR.DHZ71.A              0.000       0     437.625    437.625   0.000
634  sbend         PR.BHR70.F              2.198       0     437.625    438.724   1.099
635  multipole     PR.MP70.F               0.000       0     439.823    439.823   0.000
636  hkicker       PE.KFA71                2.446       0     440.076    441.299   1.223
637  quadrupole    PR.QFN71                0.120       0     442.649    442.709   0.060
638  multipole     PR.MP71.F               0.000       0     442.823    442.823   0.000
639  sbend         PR.BHT71.F              2.198       0     442.823    443.922   1.099
640  multipole     PR.MP71.J               0.000       0     445.021    445.021   0.000
641  hkicker       PR.DHZ71.B              0.000       0     445.021    445.021   0.000
642  sbend         PR.BHT71.D              2.206       0     445.021    446.123   1.103
643  multipole     PR.MP71.D               0.000       0     447.226    447.226   0.000
644  monitor       PR.BQL72                0.000       0     448.001    448.001   0.000
645  quadrupole    PR.QDN72                0.120       0     448.652    448.712   0.060
646  multipole     PR.MP72.D               0.000       0     448.826    448.826   0.000
647  sbend         PR.BHR72.D              2.206       0     448.826    449.929   1.103
648  multipole     PR.MP72.J               0.000       0     451.032    451.032   0.000
649  hkicker       PR.DHZ73.A              0.000       0     451.032    451.032   0.000
650  sbend         PR.BHR72.F              2.198       0     451.032    452.131   1.099
651  multipole     PR.MP72.F               0.000       0     453.229    453.229   0.000
652  monitor       PR.BPM73                0.000       0     453.323    453.323   0.000
653  quadrupole    PR.QTRTA73              0.230       0     453.610    453.725   0.115
654  quadrupole    PR.QSK73                0.120       0     454.655    454.715   0.060
655  multipole     PR.MP73.F               0.000       0     454.829    454.829   0.000
656  sbend         PR.BHS73.F              2.198       0     454.829    455.928   1.099
657  multipole     PR.MP73.J               0.000       0     457.027    457.027   0.000
658  hkicker       PR.DHZ73.B              0.000       0     457.027    457.027   0.000
659  sbend         PR.BHS73.D              2.206       0     457.027    458.130   1.103
660  multipole     PR.MP73.D               0.000       0     459.233    459.233   0.000
661  quadrupole    PR.QSK74                0.120       0     460.659    460.719   0.060
662  vkicker       PR.DVT74                0.000       0     460.779    460.779   0.000
663  multipole     PR.MP74.D               0.000       0     460.833    460.833   0.000
664  sbend         PR.BHU74.D              2.206       0     460.833    461.935   1.103
665  multipole     PR.MP74.J               0.000       0     463.038    463.038   0.000
666  hkicker       PR.DHZ75.A              0.000       0     463.038    463.038   0.000
667  sbend         PR.BHU74.F              2.198       0     463.038    464.137   1.099
668  multipole     PR.MP74.F               0.000       0     465.236    465.236   0.000
669  monitor       PR.BPM75                0.000       0     465.329    465.329   0.000
670  multipole     PR.MP75.F               0.000       0     466.836    466.836   0.000
671  sbend         PR.BHT75.F              2.198       0     466.836    467.934   1.099
672  multipole     PR.MP75.J               0.000       0     469.033    469.033   0.000
673  hkicker       PR.DHZ75.B              0.000       0     469.033    469.033   0.000
674  sbend         PR.BHT75.D              2.206       0     469.033    470.136   1.103
675  multipole     PR.MP75.D               0.000       0     471.239    471.239   0.000
676  monitor       PR.BPR76                0.000       0     471.332    471.332   0.000
677  rfcavity      PA.C10.76               2.450       0     471.489    472.714   1.225
678  vkicker       PR.DVT76                0.000       0     474.185    474.185   0.000
679  multipole     PR.MP76.D               0.000       0     474.239    474.239   0.000
680  sbend         PR.BHR76.D              2.206       0     474.239    475.342   1.103
681  multipole     PR.MP76.J               0.000       0     476.444    476.444   0.000
682  hkicker       PR.DHZ77.A              0.000       0     476.444    476.444   0.000
683  sbend         PR.BHR76.F              2.198       0     476.444    477.543   1.099
684  multipole     PR.MP76.F               0.000       0     478.642    478.642   0.000
685  monitor       PR.BPM77                0.000       0     478.735    478.735   0.000
686  rfcavity      PA.C40.77               1.050       0     478.888    479.413   0.525
687  quadrupole    PR.QFN77                0.120       0     480.068    480.128   0.060
688  multipole     PR.MP77.F               0.000       0     480.242    480.242   0.000
689  sbend         PR.BHT77.F              2.198       0     480.242    481.341   1.099
690  multipole     PR.MP77.J               0.000       0     482.440    482.440   0.000
691  hkicker       PR.DHZ77.B              0.000       0     482.440    482.440   0.000
692  sbend         PR.BHT77.D              2.206       0     482.440    483.542   1.103
693  multipole     PR.MP77.D               0.000       0     484.645    484.645   0.000
694  rfcavity      PA.C40.78               1.050       0     484.895    485.420   0.525
695  quadrupole    PR.QDN78                0.120       0     486.072    486.132   0.060
696  multipole     PR.MP78.D               0.000       0     486.245    486.245   0.000
697  sbend         PR.BHR78.D              2.206       0     486.245    487.348   1.103
698  multipole     PR.MP78.J               0.000       0     488.451    488.451   0.000
699  hkicker       PR.DHZ79.A              0.000       0     488.451    488.451   0.000
700  sbend         PR.BHR78.F              2.198       0     488.451    489.550   1.099
701  multipole     PR.MP78.F               0.000       0     490.648    490.648   0.000
702  hkicker       PE.KFA79                0.892       0     490.898    491.344   0.446
703  marker        PR.VVS79                0.000       0     491.898    491.898   0.000
704  quadrupole    PR.QSK79                0.120       0     492.075    492.135   0.060
705  multipole     PR.MP79.F               0.000       0     492.248    492.248   0.000
706  sbend         PR.BHS79.F              2.198       0     492.248    493.347   1.099
707  multipole     PR.MP79.J               0.000       0     494.446    494.446   0.000
708  hkicker       PR.DHZ79.B              0.000       0     494.446    494.446   0.000
709  sbend         PR.BHS79.D              2.206       0     494.446    495.549   1.103
710  multipole     PR.MP79.D               0.000       0     496.652    496.652   0.000
711  monitor       PR.BPM80                0.000       0     496.745    496.745   0.000
712  rfcavity      PA.C20.80               1.050       0     496.902    497.427   0.525
713  quadrupole    PR.QSK80                0.120       0     498.078    498.138   0.060
714  vkicker       PR.DVT80                0.000       0     498.198    498.198   0.000
715  multipole     PR.MP80.D               0.000       0     498.252    498.252   0.000
716  sbend         PR.BHR80.D              2.206       0     498.252    499.354   1.103
717  multipole     PR.MP80.J               0.000       0     500.457    500.457   0.000
718  hkicker       PR.DHZ81.A              0.000       0     500.457    500.457   0.000
719  sbend         PR.BHR80.F              2.198       0     500.457    501.556   1.099
720  multipole     PR.MP80.F               0.000       0     502.655    502.655   0.000
721  rfcavity      PA.C10.81               2.450       0     502.905    504.130   1.225
722  quadrupole    PR.QFN81                0.120       0     505.481    505.541   0.060
723  multipole     PR.MP81.F               0.000       0     505.655    505.655   0.000
724  sbend         PR.BHT81.F              2.198       0     505.655    506.754   1.099
725  multipole     PR.MP81.J               0.000       0     507.852    507.852   0.000
726  hkicker       PR.DHZ81.B              0.000       0     507.852    507.852   0.000
727  sbend         PR.BHT81.D              2.206       0     507.852    508.955   1.103
728  multipole     PR.MP81.D               0.000       0     510.058    510.058   0.000
729  marker        PR.MDB82.STARTMARKER    0.000       0     510.653    510.653   0.000
730  monitor       PR.BGI82                0.000       0     510.833    510.833   0.000
731  marker        PR.MDB82.ENDMARKER      0.000       0     511.013    511.013   0.000
732  quadrupole    PR.QDN82                0.120       0     511.484    511.544   0.060
733  multipole     PR.MP82.D               0.000       0     511.658    511.658   0.000
734  sbend         PR.BHR82.D              2.206       0     511.658    512.761   1.103
735  multipole     PR.MP82.J               0.000       0     513.864    513.864   0.000
736  hkicker       PR.DHZ83.A              0.000       0     513.864    513.864   0.000
737  sbend         PR.BHR82.F              2.198       0     513.864    514.962   1.099
738  multipole     PR.MP82.F               0.000       0     516.061    516.061   0.000
739  monitor       PR.BPM83                0.000       0     516.155    516.155   0.000
740  monitor       PR.BPMS83               0.000       0     516.836    516.836   0.000
741  quadrupole    PR.QSK83                0.120       0     517.488    517.548   0.060
742  multipole     PR.MP83.F               0.000       0     517.661    517.661   0.000
743  sbend         PR.BHS83.F              2.198       0     517.661    518.760   1.099
744  multipole     PR.MP83.J               0.000       0     519.859    519.859   0.000
745  hkicker       PR.DHZ83.B              0.000       0     519.859    519.859   0.000
746  sbend         PR.BHS83.D              2.206       0     519.859    520.962   1.103
747  multipole     PR.MP83.D               0.000       0     522.064    522.064   0.000
748  marker        PR.MDB84.STARTMARKER    0.000       0     522.659    522.659   0.000
749  monitor       PR.BGI84                0.000       0     522.839    522.839   0.000
750  marker        PR.MDB84.ENDMARKER      0.000       0     523.019    523.019   0.000
751  quadrupole    PR.QSK84                0.120       0     523.491    523.551   0.060
752  multipole     PR.MP84.D               0.000       0     523.664    523.664   0.000
753  sbend         PR.BHR84.D              2.206       0     523.664    524.767   1.103
754  multipole     PR.MP84.J               0.000       0     525.870    525.870   0.000
755  hkicker       PR.DHZ85.A              0.000       0     525.870    525.870   0.000
756  sbend         PR.BHR84.F              2.198       0     525.870    526.969   1.099
757  multipole     PR.MP84.F               0.000       0     528.068    528.068   0.000
758  monitor       PR.BPM85                0.000       0     528.161    528.161   0.000
759  monitor       PR.BWSV85               0.000       0     529.021    529.021   0.000
760  quadrupole    PR.QFN85                0.120       0     529.494    529.554   0.060
761  multipole     PR.MP85.F               0.000       0     529.668    529.668   0.000
762  sbend         PR.BHT85.F              2.198       0     529.668    530.766   1.099
763  multipole     PR.MP85.J               0.000       0     531.865    531.865   0.000
764  hkicker       PR.DHZ85.B              0.000       0     531.865    531.865   0.000
765  sbend         PR.BHT85.D              2.206       0     531.865    532.968   1.103
766  multipole     PR.MP85.D               0.000       0     534.071    534.071   0.000
767  rfcavity      PA.C10.86               2.450       0     534.321    535.546   1.225
768  quadrupole    PR.QDN86                0.120       0     536.897    536.957   0.060
769  multipole     PR.MP86.D               0.000       0     537.071    537.071   0.000
770  sbend         PR.BHR86.D              2.206       0     537.071    538.174   1.103
771  multipole     PR.MP86.J               0.000       0     539.276    539.276   0.000
772  hkicker       PR.DHZ87.A              0.000       0     539.276    539.276   0.000
773  sbend         PR.BHR86.F              2.198       0     539.276    540.375   1.099
774  multipole     PR.MP86.F               0.000       0     541.474    541.474   0.000
775  monitor       PR.BPM87                0.000       0     541.567    541.567   0.000
776  quadrupole    PR.QTRDA87              0.190       0     541.796    541.891   0.095
777  quadrupole    PR.QSE87                0.250       0     542.192    542.317   0.125
778  quadrupole    PR.QSK87                0.120       0     542.901    542.961   0.060
779  multipole     PR.MP87.F               0.000       0     543.074    543.074   0.000
780  sbend         PR.BHS87.F              2.198       0     543.074    544.173   1.099
781  multipole     PR.MP87.J               0.000       0     545.272    545.272   0.000
782  hkicker       PR.DHZ87.B              0.000       0     545.272    545.272   0.000
783  sbend         PR.BHS87.D              2.206       0     545.272    546.374   1.103
784  multipole     PR.MP87.D               0.000       0     547.477    547.477   0.000
785  monitor       PR.BPP88                0.000       0     547.570    547.570   0.000
786  rfcavity      PA.C80.88               1.050       0     547.727    548.252   0.525
787  quadrupole    PR.QSK88                0.120       0     548.904    548.964   0.060
788  vkicker       PR.DVT88                0.000       0     549.024    549.024   0.000
789  multipole     PR.MP88.D               0.000       0     549.077    549.077   0.000
790  sbend         PR.BHU88.D              2.206       0     549.077    550.180   1.103
791  multipole     PR.MP88.J               0.000       0     551.283    551.283   0.000
792  hkicker       PR.DHZ89.A              0.000       0     551.283    551.283   0.000
793  sbend         PR.BHU88.F              2.198       0     551.283    552.381   1.099
794  multipole     PR.MP88.F               0.000       0     553.480    553.480   0.000
795  rfcavity      PA.C80.89               1.050       0     553.730    554.255   0.525
796  quadrupole    PR.QFN89                0.120       0     554.907    554.967   0.060
797  multipole     PR.MP89.F               0.000       0     555.080    555.080   0.000
798  sbend         PR.BHT89.F              2.198       0     555.080    556.179   1.099
799  multipole     PR.MP89.J               0.000       0     557.278    557.278   0.000
800  hkicker       PR.DHZ89.B              0.000       0     557.278    557.278   0.000
801  sbend         PR.BHT89.D              2.206       0     557.278    558.381   1.103
802  multipole     PR.MP89.D               0.000       0     559.483    559.483   0.000
803  monitor       PR.BPM90                0.000       0     559.577    559.577   0.000
804  monitor       PR.BPMW90               0.000       0     559.893    559.893   0.000
805  octupole      PR.ODN90                0.220       0     560.363    560.473   0.110
806  marker        PR.VVS90                0.000       0     560.733    560.733   0.000
807  quadrupole    PR.QDN90                0.120       0     560.910    560.970   0.060
808  multipole     PR.MP90.D               0.000       0     561.083    561.083   0.000
809  sbend         PR.BHR90.D              2.206       0     561.083    562.186   1.103
810  multipole     PR.MP90.J               0.000       0     563.289    563.289   0.000
811  hkicker       PR.DHZ91.A              0.000       0     563.289    563.289   0.000
812  sbend         PR.BHR90.F              2.198       0     563.289    564.388   1.099
813  multipole     PR.MP90.F               0.000       0     565.487    565.487   0.000
814  rfcavity      PA.C10.91               2.450       0     565.737    566.962   1.225
815  quadrupole    PR.QSK91                0.120       0     568.313    568.373   0.060
816  multipole     PR.MP91.F               0.000       0     568.487    568.487   0.000
817  sbend         PR.BHT91.F              2.198       0     568.487    569.585   1.099
818  multipole     PR.MP91.J               0.000       0     570.684    570.684   0.000
819  hkicker       PR.DHZ91.B              0.000       0     570.684    570.684   0.000
820  sbend         PR.BHT91.D              2.206       0     570.684    571.787   1.103
821  multipole     PR.MP91.D               0.000       0     572.890    572.890   0.000
822  rfcavity      PA.C20.92               1.050       0     573.140    573.665   0.525
823  quadrupole    PR.QSK92                0.120       0     574.316    574.376   0.060
824  multipole     PR.MP92.D               0.000       0     574.490    574.490   0.000
825  sbend         PR.BHR92.D              2.206       0     574.490    575.593   1.103
826  multipole     PR.MP92.J               0.000       0     576.695    576.695   0.000
827  hkicker       PR.DHZ93.A              0.000       0     576.695    576.695   0.000
828  sbend         PR.BHR92.F              2.198       0     576.695    577.794   1.099
829  multipole     PR.MP92.F               0.000       0     578.893    578.893   0.000
830  monitor       PR.BPM93                0.000       0     578.986    578.986   0.000
831  monitor       PR.BPMS93               0.000       0     579.668    579.668   0.000
832  quadrupole    PR.QSK93                0.120       0     580.319    580.379   0.060
833  multipole     PR.MP93.F               0.000       0     580.493    580.493   0.000
834  sbend         PR.BHS93.F              2.198       0     580.493    581.592   1.099
835  multipole     PR.MP93.J               0.000       0     582.691    582.691   0.000
836  hkicker       PR.DHZ93.B              0.000       0     582.691    582.691   0.000
837  sbend         PR.BHS93.D              2.206       0     582.691    583.793   1.103
838  multipole     PR.MP93.D               0.000       0     584.896    584.896   0.000
839  sextupole     PR.XNO94                0.200       0     585.567    585.667   0.100
840  monitor       PR.BPMW94               0.000       0     586.010    586.010   0.000
841  quadrupole    PR.QSK94                0.120       0     586.323    586.383   0.060
842  vkicker       PR.DVT94                0.000       0     586.443    586.443   0.000
843  multipole     PR.MP94.D               0.000       0     586.496    586.496   0.000
844  sbend         PR.BHR94.D              2.206       0     586.496    587.599   1.103
845  multipole     PR.MP94.J               0.000       0     588.702    588.702   0.000
846  hkicker       PR.DHZ95.A              0.000       0     588.702    588.702   0.000
847  sbend         PR.BHR94.F              2.198       0     588.702    589.801   1.099
848  multipole     PR.MP94.F               0.000       0     590.899    590.899   0.000
849  monitor       PR.BPM95                0.000       0     590.993    590.993   0.000
850  monitor       PR.BCW95                0.000       0     591.362    591.362   0.000
851  quadrupole    PR.QTRDA95              0.190       0     591.927    592.022   0.095
852  quadrupole    PR.QFN95                0.120       0     592.326    592.386   0.060
853  multipole     PR.MP95.F               0.000       0     592.499    592.499   0.000
854  sbend         PR.BHT95.F              2.198       0     592.499    593.598   1.099
855  multipole     PR.MP95.J               0.000       0     594.697    594.697   0.000
856  hkicker       PR.DHZ95.B              0.000       0     594.697    594.697   0.000
857  sbend         PR.BHT95.D              2.206       0     594.697    595.800   1.103
858  multipole     PR.MP95.D               0.000       0     596.903    596.903   0.000
859  monitor       PR.BPR96                0.000       0     596.996    596.996   0.000
860  rfcavity      PA.C10.96               2.450       0     597.153    598.378   1.225
861  quadrupole    PR.QDN96                0.120       0     599.729    599.789   0.060
862  multipole     PR.MP96.D               0.000       0     599.903    599.903   0.000
863  sbend         PR.BHR96.D              2.206       0     599.903    601.005   1.103
864  multipole     PR.MP96.J               0.000       0     602.108    602.108   0.000
865  hkicker       PR.DHZ97.A              0.000       0     602.108    602.108   0.000
866  sbend         PR.BHR96.F              2.198       0     602.108    603.207   1.099
867  multipole     PR.MP96.F               0.000       0     604.306    604.306   0.000
868  monitor       PR.BPM97                0.000       0     604.399    604.399   0.000
869  kicker        PR.KFB97                0.920       0     604.621    605.081   0.460
870  quadrupole    PR.QSK97                0.120       0     605.732    605.792   0.060
871  multipole     PR.MP97.F               0.000       0     605.906    605.906   0.000
872  sbend         PR.BHT97.F              2.198       0     605.906    607.005   1.099
873  multipole     PR.MP97.J               0.000       0     608.103    608.103   0.000
874  hkicker       PR.DHZ97.B              0.000       0     608.103    608.103   0.000
875  sbend         PR.BHT97.D              2.206       0     608.103    609.206   1.103
876  multipole     PR.MP97.D               0.000       0     610.309    610.309   0.000
877  monitor       PR.BPTF98               0.000       0     610.402    610.402   0.000
878  quadrupole    PR.QSK98                0.120       0     611.736    611.796   0.060
879  vkicker       PR.DVT98                0.000       0     611.856    611.856   0.000
880  multipole     PR.MP98.D               0.000       0     611.909    611.909   0.000
881  sbend         PR.BHR98.D              2.206       0     611.909    613.012   1.103
882  multipole     PR.MP98.J               0.000       0     614.115    614.115   0.000
883  hkicker       PR.DHZ99.A              0.000       0     614.115    614.115   0.000
884  sbend         PR.BHR98.F              2.198       0     614.115    615.213   1.099
885  multipole     PR.MP98.F               0.000       0     616.312    616.312   0.000
886  quadrupole    PR.QTRTB99.A            0.230       0     616.850    616.965   0.115
887  quadrupole    PR.QTRTB99.B            0.230       0     617.275    617.390   0.115
888  quadrupole    PR.QFN99                0.120       0     617.738    617.798   0.060
889  multipole     PR.MP99.F               0.000       0     617.912    617.912   0.000
890  sbend         PR.BHS99.F              2.198       0     617.912    619.011   1.099
891  multipole     PR.MP99.J               0.000       0     620.110    620.110   0.000
892  hkicker       PR.DHZ99.B              0.000       0     620.110    620.110   0.000
893  sbend         PR.BHS99.D              2.206       0     620.110    621.213   1.103
894  multipole     PR.MP99.D               0.000       0     622.315    622.315   0.000
895  monitor       PR.BPM00                0.000       0     622.409    622.409   0.000
896  monitor       PR.BPMW00               0.000       0     622.825    622.825   0.000
897  octupole      PR.ODN00                0.220       0     623.156    623.266   0.110
898  marker        PR.VVS00                0.000       0     623.566    623.566   0.000
899  quadrupole    PR.QDN00                0.120       0     623.742    623.802   0.060
900  multipole     PR.MP00.D               0.000       0     623.915    623.915   0.000
901  sbend         PR.BHR00.D              2.206       0     623.915    625.018   1.103
902  multipole     PR.MP00.J               0.000       0     626.121    626.121   0.000
903  hkicker       PR.DHZ01.A              0.000       0     626.121    626.121   0.000
904  sbend         PR.BHR00.F              2.198       0     626.121    627.220   1.099
905  multipole     PR.MP00.F               0.000       0     628.319    628.319   0.000
906  marker        $end                    0.000       0     628.318    628.318   0.000
